5.870182155115533
4.165804209875705
5.196807127547685
3.4080548064520917
1.9436077412135213
1.9436077412135213
4.386701412553593
4.53504259340688
4.887261217299969
4.30235490205604
2.2
2.2
5.229620906312897
7.683622751546487
5.062890647875487
5.817082875953785
5.480677376093287
4.797826939869902
2.916591554904912
4.072639508642397
5.18582166743205
5.18582166743205
1.7106923291231804
1.7106923291231804
2.0157506640943437
5.686072927814839
5.933969709532684
3.9833234883169646
4.503245685258522
4.194082335779699
3.6669813070994346
1.9177587911045648
6.325059621584405
3.0181684874334027
4.007839946828252
4.2787322954219045
5.231174728349716
5.00855767681231
4.340706522200092
5.231174728349716
4.26650083835429
4.043883786816884
1.8709992800000825
1.8709992800000825
5.669319600978989
6.40258549864367
5.602659064827654
6.002622281735662
5.735980137130324
2.832856656532056
